image: cyberzoo_11_09.png
resolution: 0.050000
origin: [-12.150000, -5.200000, 0.000000]
negate: 0
occupied_thresh: 0.65
free_thresh: 0.196

