image: dcsc_15_10_2.png
resolution: 0.050000
origin: [-17.5000000, -2.3000000, 0.000000]
negate: 0
occupied_thresh: 0.65
free_thresh: 0.196

