#image: lmpcc_corridor_1.png
image: lmpcc_corridor_v2.png
resolution: 0.050000
#origin: [0.000000, -4.00000, 0.000000]
origin: [-20.000000, -4.00000, 0.000000]
negate: 0
occupied_thresh: 0.65
free_thresh: 0.196
